index,label,prediction
0,1,1
1,1,1
2,1,1
3,1,1
4,1,0
5,1,1
6,1,0
7,1,1
8,1,0
9,1,1
10,1,1
11,1,0
12,1,1
13,1,0
14,1,0
15,1,0
16,1,1
17,1,0
18,1,0
19,1,0
20,1,0
21,1,1
22,1,1
23,1,1
24,1,1
25,1,1
26,1,1
27,1,1
28,1,0
29,1,0
30,1,1
31,1,0
32,1,0
33,1,0
34,1,0
35,1,0
36,1,0
37,1,0
38,1,0
39,1,0
40,1,0
41,1,0
42,1,0
43,1,0
44,1,0
45,1,0
46,1,0
47,1,0
48,1,0
49,1,0
50,1,0
51,1,1
52,1,0
53,1,0
54,1,0
55,1,0
56,1,1
57,1,0
58,1,0
59,1,1
60,1,0
61,1,1
62,1,0
63,1,0
64,1,0
65,1,1
66,1,0
67,1,0
68,1,0
69,1,0
70,1,0
71,1,0
72,1,1
73,1,0
74,1,0
75,1,1
76,1,0
77,1,1
78,1,1
79,1,1
80,1,1
81,1,1
82,1,1
83,1,0
84,1,1
85,1,1
86,1,1
87,1,1
88,1,1
89,1,1
90,1,0
91,1,0
92,1,1
93,1,0
94,1,1
95,1,1
96,1,0
97,1,1
98,1,1
99,1,1
100,1,1
101,1,0
102,1,0
103,1,1
104,1,0
105,1,1
106,1,1
107,1,1
108,1,1
109,1,1
110,1,0
111,1,1
112,1,1
113,1,0
114,1,1
115,1,1
116,1,0
117,1,1
118,1,0
119,1,1
120,1,0
121,1,1
122,1,0
123,1,0
124,1,0
125,1,0
126,1,1
127,1,1
128,1,1
129,1,1
130,1,1
131,1,1
132,1,0
133,1,0
134,1,0
135,1,0
136,1,0
137,1,0
138,1,0
139,1,0
140,1,1
141,1,1
142,1,1
143,1,1
144,1,1
145,1,1
146,1,0
147,1,0
148,1,1
149,1,1
150,1,0
151,1,1
152,1,0
153,1,1
154,1,1
155,1,1
156,1,1
157,1,1
158,1,1
159,1,0
160,1,1
161,1,1
162,1,0
163,1,1
164,1,0
165,1,0
166,1,1
167,1,0
168,1,0
169,1,1
170,1,0
171,1,0
172,1,0
173,1,0
174,1,0
175,1,0
176,1,1
177,1,1
178,1,0
179,1,1
180,1,0
181,1,1
182,1,0
183,1,1
184,1,0
185,1,0
186,1,0
187,1,0
188,1,0
189,1,1
190,1,1
191,1,1
192,1,1
193,1,1
194,1,1
195,1,1
196,1,1
197,1,1
198,1,1
199,1,1
200,1,1
201,1,1
202,1,1
203,1,1
204,1,0
205,1,1
206,1,1
207,1,0
208,1,1
209,1,0
210,1,1
211,1,0
212,1,1
213,1,1
214,1,0
215,1,1
216,1,0
217,1,1
218,1,1
219,1,1
220,1,1
221,1,1
222,1,1
223,1,0
224,1,1
225,1,1
226,1,1
227,1,0
228,1,1
229,1,0
230,1,1
231,1,1
232,1,1
233,1,1
234,1,1
235,1,1
236,1,1
237,1,1
238,1,0
239,1,1
240,1,1
241,1,0
242,1,1
243,1,0
244,1,1
245,1,1
246,1,1
247,1,1
248,1,0
249,1,0
250,1,1
251,1,0
252,1,1
253,1,1
254,1,1
255,1,1
256,1,1
257,1,1
258,1,1
259,1,1
260,1,0
261,1,0
262,1,0
263,1,0
264,1,1
265,1,0
266,1,1
267,1,1
268,1,1
269,1,1
270,1,1
271,1,1
272,1,0
273,1,1
274,1,1
275,1,1
276,1,1
277,1,1
278,1,1
279,1,1
280,1,1
281,1,1
282,1,1
283,1,1
284,1,1
285,1,1
286,1,0
287,1,1
288,1,1
289,1,1
290,1,1
291,1,1
292,1,1
293,1,1
294,1,1
295,1,0
296,1,1
297,1,1
298,1,0
299,1,1
300,1,0
301,1,1
302,1,1
303,1,1
304,1,1
305,1,1
306,1,1
307,1,1
308,1,0
309,1,0
310,1,1
311,1,0
312,1,0
313,1,0
314,1,0
315,1,1
316,1,1
317,1,1
318,1,1
319,1,1
320,1,1
321,1,1
322,1,1
323,1,1
324,1,1
325,1,1
326,1,1
327,1,1
328,1,1
329,1,1
330,1,0
331,1,1
332,1,0
333,1,0
334,1,1
335,1,0
336,1,1
337,1,1
338,1,1
339,1,1
340,1,1
341,1,1
342,1,0
343,1,1
344,1,1
345,1,1
346,1,1
347,1,0
348,1,1
349,1,0
350,1,1
351,1,1
352,1,1
353,1,1
354,1,1
355,1,1
356,1,1
357,1,1
358,1,1
359,1,1
360,1,1
361,1,1
362,1,1
363,1,1
364,1,1
365,1,1
366,1,1
367,1,1
368,1,1
369,1,1
370,1,0
371,1,0
372,1,0
373,1,1
374,1,0
375,1,0
376,1,0
377,1,0
378,1,1
379,1,1
380,1,1
381,1,1
382,1,1
383,1,1
384,1,0
385,1,1
386,1,1
387,1,1
388,1,1
389,1,1
390,1,1
391,1,1
392,1,1
393,1,1
394,1,1
395,1,1
396,1,1
397,1,1
398,1,1
399,1,1
400,1,1
401,1,1
402,1,1
403,1,1
404,1,1
405,1,0
406,1,1
407,1,1
408,1,1
409,1,1
410,1,1
411,1,1
412,1,1
413,1,1
414,1,0
415,1,0
416,1,0
417,1,0
418,1,0
419,1,0
420,1,1
421,1,1
422,1,1
423,1,1
424,1,1
425,1,1
426,1,1
427,1,1
428,1,1
429,1,1
430,1,1
431,1,1
432,1,1
433,1,1
434,1,1
435,1,1
436,1,1
437,1,1
438,1,1
439,1,1
440,1,1
441,1,1
442,1,1
443,1,1
444,1,1
445,1,1
446,1,1
447,1,1
448,1,1
449,1,1
450,1,1
451,1,1
452,1,1
453,1,1
454,1,1
455,1,1
456,1,1
457,1,0
458,1,0
459,1,1
460,1,0
461,1,1
462,1,1
463,1,0
464,1,1
465,1,0
466,1,0
467,1,1
468,1,0
469,1,1
470,1,0
471,1,1
472,1,0
473,1,0
474,1,1
475,1,0
476,1,0
477,1,0
478,1,1
479,1,0
480,1,0
481,1,0
482,1,0
483,1,1
484,1,1
485,1,1
486,1,1
487,1,1
488,1,1
489,1,1
490,1,0
491,1,0
492,1,1
493,1,1
494,1,0
495,1,0
496,1,0
497,1,1
498,1,1
499,1,1
500,1,1
501,1,1
502,1,1
503,1,1
504,1,0
505,1,1
506,1,0
507,1,0
508,1,1
509,1,0
510,1,1
511,1,0
512,1,1
513,1,0
514,1,0
515,1,1
516,1,0
517,1,1
518,1,0
519,1,1
520,1,0
521,1,1
522,1,1
523,1,0
524,1,1
525,1,0
526,1,1
527,1,0
528,1,0
529,1,1
530,1,0
531,1,1
532,1,1
533,1,1
534,1,1
535,1,1
536,1,1
537,1,1
538,1,1
539,1,1
540,1,1
541,1,1
542,1,1
543,1,1
544,1,0
545,1,1
546,1,1
547,1,1
548,1,1
549,1,0
550,1,1
551,1,0
552,1,1
553,1,1
554,1,1
555,1,1
556,1,1
557,1,1
558,1,1
559,1,1
560,1,1
561,1,0
562,1,1
563,1,1
564,1,0
565,1,1
566,1,0
567,1,0
568,1,0
569,1,0
570,1,0
571,1,0
572,1,0
573,1,0
574,1,1
575,1,1
576,1,0
577,1,1
578,1,1
579,1,1
580,1,1
581,1,0
582,1,0
583,1,0
584,1,0
585,1,0
586,1,0
587,1,0
588,1,0
589,1,0
590,1,1
591,1,1
592,1,0
593,1,1
594,1,0
595,1,0
596,1,1
597,1,0
598,1,0
599,1,1
600,1,0
601,1,0
602,1,0
603,1,1
604,1,1
605,1,0
606,1,1
607,1,0
608,1,1
609,1,1
610,1,0
611,1,1
612,1,1
613,1,0
614,1,1
615,1,0
616,1,1
617,1,1
618,1,1
619,1,1
620,1,1
621,1,0
622,1,1
623,1,0
624,1,0
625,1,0
626,1,0
627,1,0
628,1,0
629,1,0
630,1,1
631,1,1
632,1,0
633,1,1
634,1,1
635,1,1
636,1,0
637,1,1
638,1,1
639,1,1
640,1,0
641,1,1
642,1,0
643,1,1
644,1,1
645,1,1
646,1,1
647,1,1
648,1,0
649,1,1
650,1,0
651,1,0
652,1,1
653,1,0
654,1,0
655,1,0
656,1,0
657,1,0
658,1,1
659,1,1
660,1,1
661,1,1
662,1,0
663,1,1
664,1,0
665,1,1
666,1,1
667,1,1
668,1,1
669,1,1
670,1,1
671,1,0
672,1,1
673,1,0
674,1,1
675,1,1
676,1,0
677,1,1
678,1,0
679,1,1
680,1,1
681,1,1
682,1,1
683,1,1
684,1,1
685,1,1
686,1,0
687,1,1
688,1,0
689,1,0
690,1,1
691,1,0
692,1,0
693,1,1
694,1,1
695,1,1
696,1,1
697,1,1
698,1,0
699,1,1
700,1,1
701,1,1
702,1,1
703,1,1
704,1,1
705,1,1
706,1,1
707,1,1
708,1,1
709,1,1
710,1,1
711,1,1
712,1,1
713,1,0
714,1,0
715,1,0
716,1,1
717,1,1
718,1,0
719,1,1
720,1,0
721,1,1
722,1,1
723,1,1
724,1,1
725,1,0
726,1,1
727,1,0
728,1,1
729,1,1
730,1,1
731,1,1
732,1,0
733,1,1
734,1,0
735,1,1
736,1,1
737,1,1
738,1,1
739,1,1
740,1,1
741,1,1
742,1,1
743,1,1
744,1,1
745,1,1
746,1,1
747,1,0
748,1,1
749,1,0
750,1,1
751,1,1
752,1,0
753,1,1
754,1,0
755,1,1
756,1,1
757,1,0
758,1,1
759,1,1
760,1,0
761,1,0
762,1,0
763,1,1
764,1,1
765,1,1
766,1,1
767,1,1
768,1,1
769,1,1
770,1,1
771,1,1
772,1,1
773,1,0
774,1,1
775,1,0
776,1,1
777,1,1
778,1,1
779,1,1
780,1,1
781,1,1
782,1,0
783,1,1
784,1,0
785,1,0
786,1,1
787,1,1
788,1,0
789,1,1
790,1,0
791,1,1
792,1,1
793,1,1
794,1,1
795,1,1
796,1,1
797,1,1
798,1,1
799,1,1
800,1,1
801,1,1
802,1,0
803,1,1
804,1,0
805,1,1
806,1,0
807,1,1
808,1,1
809,1,0
810,1,1
811,1,0
812,1,0
813,1,0
814,1,1
815,1,1
816,1,0
817,1,1
818,1,0
819,1,0
820,1,0
821,1,1
822,1,1
823,1,0
824,1,1
825,1,0
826,1,1
827,1,1
828,1,1
829,1,1
830,1,1
831,1,1
832,1,0
833,1,1
834,1,1
835,1,1
836,1,1
837,1,1
838,1,0
839,1,1
840,1,0
841,1,0
842,1,0
843,1,0
844,1,0
845,1,0
846,1,0
847,1,0
848,1,0
849,1,1
850,1,1
851,1,1
852,1,0
853,1,1
854,1,0
855,1,0
856,1,0
857,1,0
858,1,0
859,1,0
860,1,0
861,1,0
862,1,0
863,1,0
864,1,0
865,1,0
866,1,1
867,1,0
868,1,0
869,1,1
870,1,0
871,1,0
872,1,0
873,1,0
874,1,0
875,1,0
876,1,0
877,1,0
878,1,0
879,1,0
880,1,0
881,1,0
882,1,1
883,1,0
884,1,0
885,1,1
886,1,0
887,1,0
888,1,0
889,1,0
890,1,0
891,1,1
892,1,0
893,1,0
894,1,1
895,1,1
896,1,1
897,1,1
898,1,1
899,1,1
900,1,0
901,1,1
902,1,0
903,1,0
904,1,0
905,1,1
906,1,1
907,1,1
908,1,1
909,1,0
910,1,1
911,1,1
912,1,1
913,1,1
914,1,1
915,1,0
916,1,0
917,1,1
918,1,0
919,1,0
920,1,0
921,1,0
922,1,0
923,1,1
924,1,0
925,1,0
926,1,0
927,1,1
928,1,1
929,1,1
930,1,1
931,1,1
932,1,0
933,1,1
934,1,1
935,1,0
936,1,0
937,1,0
938,1,0
939,1,0
940,1,0
941,1,0
942,1,0
943,1,1
944,1,0
945,1,0
946,1,0
947,1,0
948,1,0
949,1,0
950,1,0
951,1,0
952,1,0
953,1,0
954,1,0
955,1,0
956,1,0
957,1,0
958,1,0
959,1,1
960,1,0
961,1,1
962,1,0
963,1,0
964,1,0
965,1,0
966,1,0
967,1,0
968,1,1
969,1,1
970,1,1
971,1,1
972,1,1
973,1,1
974,1,0
975,1,1
976,1,1
977,1,1
978,1,1
979,1,0
980,1,0
981,1,0
982,1,1
983,1,1
984,1,0
985,1,0
986,1,0
987,1,0
988,1,0
989,1,0
990,1,0
991,1,1
992,1,0
993,1,0
994,1,0
995,1,0
996,1,0
997,1,0
998,1,0
999,1,0
1000,1,0
1001,1,0
1002,1,0
1003,1,0
1004,1,0
1005,1,1
1006,1,0
1007,1,0
1008,1,1
1009,1,0
1010,1,0
1011,1,0
1012,1,0
1013,1,0
1014,1,1
1015,1,1
1016,1,1
1017,1,1
1018,1,1
1019,1,0
1020,1,1
1021,1,1
1022,1,0
1023,1,1
1024,1,1
1025,1,0
1026,1,1
1027,1,0
1028,1,1
1029,1,1
1030,1,1
1031,1,1
1032,1,1
1033,1,1
1034,1,0
1035,1,1
1036,1,1
1037,1,1
1038,1,1
1039,1,1
1040,1,1
1041,1,0
1042,1,1
1043,1,1
1044,1,1
1045,1,1
1046,1,1
1047,1,0
1048,1,1
1049,1,1
1050,1,1
1051,1,1
1052,1,1
1053,1,1
1054,1,1
1055,1,1
1056,1,1
1057,1,1
1058,1,1
1059,1,1
1060,1,0
1061,1,1
1062,1,0
1063,1,1
1064,1,1
1065,1,1
1066,1,1
1067,1,1
1068,1,1
1069,1,0
1070,1,1
1071,1,1
1072,1,1
1073,1,1
1074,1,1
1075,1,1
1076,1,1
1077,1,0
1078,1,1
1079,1,0
1080,1,0
1081,1,0
1082,1,0
1083,1,1
1084,1,1
1085,1,0
1086,1,1
1087,1,0
1088,1,0
1089,1,1
1090,1,0
1091,1,0
1092,1,0
1093,1,0
1094,1,0
1095,1,0
1096,1,0
1097,1,0
1098,1,1
1099,1,1
1100,1,1
1101,1,1
1102,1,1
1103,1,0
1104,1,1
1105,1,1
1106,1,1
1107,1,1
1108,1,1
1109,1,1
1110,1,1
1111,1,1
1112,1,1
1113,1,1
1114,1,1
1115,1,1
1116,1,1
1117,1,1
1118,1,0
1119,1,1
1120,1,0
1121,1,0
1122,1,1
1123,1,0
1124,1,1
1125,1,0
1126,1,0
1127,1,0
1128,1,0
1129,1,0
1130,1,0
1131,1,0
1132,1,0
1133,0,0
1134,0,0
1135,0,0
1136,0,0
1137,0,0
1138,0,0
1139,0,0
1140,0,0
1141,0,0
1142,0,0
1143,0,0
1144,0,0
1145,0,0
1146,0,0
1147,0,0
1148,0,0
1149,0,0
1150,0,0
1151,0,0
1152,0,0
1153,0,0
1154,0,0
1155,0,0
1156,0,0
1157,0,0
1158,0,0
1159,0,1
1160,0,1
1161,0,0
1162,0,0
1163,0,1
1164,0,0
1165,0,0
1166,0,0
1167,0,0
1168,0,1
1169,0,0
1170,0,0
1171,0,0
1172,0,1
1173,0,0
1174,0,0
1175,0,0
1176,0,0
1177,0,0
1178,0,0
1179,0,0
1180,0,0
1181,0,0
1182,0,1
1183,0,0
1184,0,0
1185,0,0
1186,0,0
1187,0,0
1188,0,0
1189,0,0
1190,0,1
1191,0,0
1192,0,1
1193,0,0
1194,0,0
1195,0,0
1196,0,0
1197,0,0
1198,0,0
1199,0,0
1200,0,0
1201,0,0
1202,0,0
1203,0,0
1204,0,0
1205,0,0
1206,0,0
1207,0,0
1208,0,1
1209,0,0
1210,0,1
1211,0,0
1212,0,0
1213,0,0
1214,0,0
1215,0,0
1216,0,0
1217,0,0
1218,0,0
1219,0,0
1220,0,0
1221,0,0
1222,0,0
1223,0,1
1224,0,0
1225,0,0
1226,0,0
1227,0,1
1228,0,0
1229,0,0
1230,0,0
1231,0,0
1232,0,0
1233,1,0
1234,1,0
1235,1,0
1236,1,0
1237,1,0
1238,1,0
1239,1,0
1240,1,1
1241,1,0
1242,1,1
1243,1,1
1244,1,0
1245,1,1
1246,1,0
1247,1,0
1248,1,0
1249,1,1
1250,1,0
1251,1,0
1252,1,0
1253,1,0
1254,1,0
1255,1,1
1256,1,1
1257,1,0
1258,1,1
1259,1,0
1260,1,1
1261,1,0
1262,1,0
1263,1,1
1264,1,0
1265,1,0
1266,1,0
1267,1,0
1268,1,0
1269,1,0
1270,1,0
1271,1,0
1272,1,0
1273,1,0
1274,1,0
1275,1,1
1276,1,1
1277,1,1
1278,1,1
1279,1,1
1280,1,1
1281,1,1
1282,1,1
1283,1,1
1284,1,1
1285,1,0
1286,1,1
1287,1,0
1288,1,1
1289,1,1
1290,1,1
1291,1,1
1292,1,1
1293,1,1
1294,1,1
1295,1,1
1296,1,1
1297,1,1
1298,1,1
1299,1,1
1300,1,1
1301,1,1
1302,1,1
1303,1,1
1304,1,0
1305,1,1
1306,1,1
1307,1,0
1308,1,1
1309,1,0
1310,1,1
1311,1,1
1312,1,1
1313,1,1
1314,1,1
1315,1,1
1316,1,1
1317,1,1
1318,1,1
1319,1,1
1320,1,1
1321,1,0
1322,1,1
1323,1,0
1324,1,1
1325,1,1
1326,1,1
1327,1,0
1328,1,1
1329,1,0
1330,1,1
1331,1,1
1332,1,0
1333,1,1
1334,1,1
1335,1,0
1336,1,1
1337,1,0
1338,1,1
1339,1,1
1340,1,1
1341,1,1
1342,1,1
1343,1,1
1344,1,0
1345,1,1
1346,1,1
1347,1,1
1348,1,1
1349,1,1
1350,1,1
1351,1,1
1352,1,1
1353,1,1
1354,1,1
1355,1,1
1356,1,0
1357,1,1
1358,1,0
1359,1,0
1360,1,1
1361,1,0
1362,1,0
1363,1,0
1364,1,0
1365,1,0
1366,1,1
1367,1,1
1368,1,1
1369,1,1
1370,1,1
1371,1,0
1372,1,1
1373,1,0
1374,1,0
1375,1,1
1376,1,0
1377,1,0
1378,1,0
1379,1,0
1380,1,1
1381,1,1
1382,1,1
1383,1,1
1384,1,1
1385,1,1
1386,1,1
1387,1,1
1388,1,1
1389,1,1
1390,1,0
1391,1,1
1392,1,0
1393,1,1
1394,1,1
1395,1,1
1396,1,1
1397,1,1
1398,1,1
1399,1,1
1400,1,1
1401,1,1
1402,1,1
1403,1,1
1404,1,0
1405,1,1
1406,1,0
1407,1,1
1408,1,1
1409,1,1
1410,1,1
1411,1,1
1412,1,1
1413,1,0
1414,1,1
1415,1,1
1416,1,1
1417,1,1
1418,1,0
1419,1,1
1420,1,0
1421,1,1
1422,1,1
1423,1,1
1424,1,1
1425,1,1
1426,1,1
1427,1,1
1428,1,1
1429,1,1
1430,1,1
1431,1,1
1432,1,1
1433,1,1
1434,1,1
1435,1,1
1436,1,1
1437,1,1
1438,1,1
1439,1,0
1440,1,1
1441,1,0
1442,1,0
1443,1,1
1444,1,0
1445,1,1
1446,1,0
1447,1,0
1448,1,1
1449,1,0
1450,1,1
1451,1,1
1452,1,1
1453,1,1
1454,1,1
1455,1,1
1456,1,0
1457,1,0
1458,1,0
1459,1,1
1460,1,1
1461,1,0
1462,1,1
1463,1,0
1464,1,1
1465,1,1
1466,1,1
1467,1,1
1468,1,0
1469,1,1
1470,1,0
1471,1,1
1472,1,1
1473,1,1
1474,1,1
1475,1,0
1476,1,1
1477,1,0
1478,1,1
1479,1,1
1480,1,1
1481,1,1
1482,1,1
1483,1,1
1484,1,1
1485,1,1
1486,1,1
1487,1,1
1488,1,1
1489,1,1
1490,1,1
1491,1,0
1492,1,1
1493,1,1
1494,1,1
1495,1,0
1496,1,1
1497,1,0
1498,1,1
1499,1,1
1500,1,1
1501,1,1
1502,1,1
1503,1,1
1504,1,1
1505,1,1
1506,1,1
1507,1,1
1508,1,1
1509,1,1
1510,1,1
1511,1,1
1512,1,1
1513,1,1
1514,1,1
1515,1,1
1516,1,0
1517,1,1
1518,1,0
1519,1,1
1520,1,0
1521,1,1
1522,1,1
1523,1,1
1524,1,1
1525,1,1
1526,1,1
1527,1,1
1528,1,1
1529,1,1
1530,1,1
1531,1,1
1532,1,1
1533,1,1
1534,1,1
1535,1,1
1536,1,1
1537,1,1
1538,1,1
1539,1,1
1540,1,1
1541,1,1
1542,1,1
1543,1,0
1544,1,1
1545,1,0
1546,1,1
1547,1,1
1548,1,1
1549,1,1
1550,1,1
1551,1,1
1552,1,1
1553,1,1
1554,1,1
1555,1,1
1556,1,1
1557,1,1
1558,1,0
1559,1,1
1560,1,0
1561,1,1
1562,1,1
1563,1,1
1564,1,1
1565,1,1
1566,1,1
1567,1,0
1568,1,1
1569,1,1
1570,1,1
1571,1,1
1572,1,0
1573,1,1
1574,1,0
1575,1,1
1576,1,1
1577,1,1
1578,1,1
1579,1,1
1580,1,1
1581,1,1
1582,1,1
1583,1,1
1584,1,0
1585,1,1
1586,1,1
1587,1,1
1588,1,0
1589,1,0
1590,1,1
1591,1,0
1592,1,0
1593,1,1
1594,1,0
1595,1,0
1596,1,1
1597,1,1
1598,1,1
1599,1,1
1600,1,1
1601,1,0
1602,1,1
1603,1,1
1604,1,1
1605,1,1
1606,1,1
1607,1,1
1608,1,1
1609,1,1
1610,1,0
1611,1,1
1612,1,0
1613,1,0
1614,1,1
1615,1,0
1616,1,1
1617,1,1
1618,1,1
1619,1,1
1620,1,1
1621,1,1
1622,1,1
1623,1,1
1624,1,0
1625,1,0
1626,1,0
1627,1,0
1628,1,0
1629,1,0
1630,1,0
1631,1,1
1632,1,1
1633,1,1
1634,1,1
1635,1,1
1636,1,1
1637,1,1
1638,1,1
1639,1,1
1640,1,1
1641,1,1
1642,1,1
1643,1,1
1644,1,0
1645,0,1
1646,0,0
1647,0,1
1648,0,1
1649,0,0
1650,0,1
1651,0,0
1652,0,1
1653,0,0
1654,0,1
1655,0,1
1656,0,0
1657,0,1
1658,0,0
1659,0,0
1660,0,0
1661,0,1
1662,0,0
1663,0,0
1664,0,0
1665,0,0
1666,0,1
1667,0,0
1668,0,1
1669,0,1
1670,0,0
1671,0,1
1672,0,0
1673,0,1
1674,0,0
1675,0,1
1676,0,1
1677,0,0
1678,0,1
1679,0,0
1680,0,1
1681,0,1
1682,0,1
1683,0,1
1684,0,0
1685,0,1
1686,0,0
1687,0,1
1688,0,1
1689,0,1
1690,0,1
1691,0,0
1692,0,1
1693,0,0
1694,0,1
1695,0,1
1696,0,1
1697,0,1
1698,0,1
1699,0,1
1700,0,1
1701,0,1
1702,0,1
1703,0,1
1704,0,1
1705,0,0
1706,0,1
1707,0,0
1708,0,0
1709,0,0
1710,0,1
1711,0,0
1712,0,0
1713,0,0
1714,0,0
1715,0,0
1716,0,1
1717,0,1
1718,0,0
1719,0,1
1720,0,0
1721,0,0
1722,0,1
1723,0,0
1724,0,0
1725,0,0
1726,0,0
1727,0,1
1728,0,0
1729,0,0
1730,0,1
1731,0,1
1732,0,0
1733,0,1
1734,0,0
1735,0,1
1736,0,1
1737,0,1
1738,0,1
1739,0,1
1740,0,1
1741,0,1
1742,0,0
1743,0,1
1744,0,1
1745,0,1
1746,0,1
1747,0,1
1748,0,1
1749,0,0
1750,0,0
1751,0,0
1752,0,0
1753,0,1
1754,0,0
1755,0,1
1756,0,0
1757,0,1
1758,0,1
1759,0,1
1760,0,1
1761,0,1
1762,0,0
1763,0,1
1764,0,0
1765,0,0
1766,0,1
1767,0,0
1768,0,0
1769,0,0
1770,0,0
1771,0,1
1772,0,1
1773,0,1
1774,0,1
1775,0,1
1776,0,1
1777,0,0
1778,0,1
1779,0,1
1780,0,1
1781,0,1
1782,0,1
1783,0,0
1784,0,1
1785,1,0
1786,1,0
1787,1,1
1788,1,0
1789,1,0
1790,1,1
1791,1,0
1792,1,0
1793,1,0
1794,1,0
1795,1,0
1796,1,0
1797,1,0
1798,1,0
1799,1,0
1800,1,0
1801,1,1
1802,1,0
1803,1,0
1804,1,0
1805,1,0
1806,1,1
1807,1,0
1808,1,1
1809,1,1
1810,1,0
1811,1,1
1812,1,0
1813,1,1
1814,1,0
1815,1,1
1816,1,1
1817,1,0
1818,1,1
1819,1,0
1820,1,1
1821,1,1
1822,1,1
1823,1,0
1824,1,1
1825,1,0
1826,1,1
1827,1,1
1828,1,1
1829,1,1
1830,1,1
1831,1,0
1832,1,1
1833,1,0
1834,1,0
1835,1,1
1836,1,0
1837,1,0
1838,1,0
1839,1,0
1840,1,1
1841,1,1
1842,1,1
1843,1,1
1844,1,1
1845,1,1
1846,1,1
1847,1,1
1848,1,1
1849,1,0
1850,1,1
1851,1,0
1852,1,0
1853,1,1
1854,1,0
1855,1,1
1856,1,0
1857,1,1
1858,1,1
1859,1,0
1860,1,1
1861,1,0
1862,1,0
1863,1,1
1864,1,0
1865,1,0
1866,1,0
1867,1,0
1868,1,0
1869,1,1
1870,1,1
1871,1,1
1872,1,1
1873,1,1
1874,1,1
1875,1,1
1876,1,1
1877,1,1
1878,1,1
1879,1,1
1880,1,0
1881,1,1
1882,1,0
1883,1,1
1884,1,1
1885,1,1
1886,1,1
1887,1,0
1888,1,1
1889,1,0
1890,1,1
1891,1,1
1892,1,1
1893,1,1
1894,1,1
1895,1,0
1896,1,1
1897,1,0
1898,1,0
1899,1,0
1900,1,1
1901,1,0
1902,1,1
1903,1,0
1904,1,1
1905,1,1
1906,1,1
1907,1,1
1908,1,0
1909,1,1
1910,1,0
1911,1,0
1912,1,0
1913,1,0
1914,1,0
1915,1,0
1916,1,1
1917,1,0
1918,1,1
1919,1,0
1920,1,1
1921,1,1
1922,1,0
1923,1,1
1924,1,0
1925,1,1
1926,1,0
1927,1,1
1928,1,1
1929,1,0
1930,1,1
1931,1,0
1932,1,1
1933,1,0
1934,1,1
1935,1,0
1936,1,0
1937,1,0
1938,1,0
1939,1,0
1940,1,1
1941,1,1
1942,1,1
1943,1,1
1944,1,1
1945,1,0
1946,1,1
1947,1,1
1948,1,0
1949,1,1
1950,1,1
1951,1,0
1952,1,1
1953,1,0
1954,1,1
1955,1,1
1956,1,1
1957,1,1
1958,1,1
1959,1,1
1960,1,0
1961,1,1
1962,1,1
1963,1,1
1964,1,1
1965,1,1
1966,1,1
1967,1,1
1968,1,1
1969,1,0
1970,1,1
1971,1,1
1972,1,0
1973,1,1
1974,1,0
1975,1,1
1976,1,1
1977,1,1
1978,1,1
1979,1,1
1980,1,1
1981,1,1
1982,1,1
1983,1,1
1984,1,1
1985,1,1
1986,1,1
1987,1,1
1988,1,1
1989,1,1
1990,1,1
1991,1,1
1992,1,1
1993,1,0
1994,1,1
1995,1,0
1996,1,1
1997,1,1
1998,1,1
1999,1,1
2000,1,1
2001,1,1
2002,1,1
2003,1,1
2004,1,1
2005,1,1
2006,1,1
2007,1,0
2008,1,1
2009,1,0
2010,1,1
2011,1,0
2012,1,1
2013,1,1
2014,1,0
2015,1,1
2016,1,0
2017,1,0
2018,1,1
2019,1,1
2020,1,0
2021,1,1
2022,1,0
2023,1,1
2024,1,0
2025,1,0
2026,1,1
2027,1,0
2028,1,1
2029,1,0
2030,1,1
2031,1,1
2032,1,1
2033,1,1
2034,1,1
2035,1,0
2036,1,1
2037,1,0
2038,1,1
2039,1,1
2040,1,1
2041,1,1
2042,1,1
2043,1,0
2044,1,1
2045,1,1
2046,1,1
2047,1,1
2048,1,0
2049,1,1
2050,1,0
2051,1,1
2052,1,1
2053,1,1
2054,1,1
2055,1,1
2056,1,0
2057,1,1
2058,1,0
2059,0,0
2060,0,1
2061,0,0
2062,0,0
2063,0,0
2064,0,0
2065,0,0
2066,0,0
2067,0,0
2068,0,1
2069,0,0
2070,0,0
2071,0,0
2072,0,0
2073,0,0
2074,0,0
2075,0,0
2076,0,0
2077,0,0
2078,0,0
2079,0,0
2080,0,0
2081,0,1
2082,0,0
2083,0,1
2084,0,0
2085,0,0
2086,0,1
2087,0,0
2088,0,0
2089,0,0
2090,0,0
2091,0,0
2092,0,1
2093,0,0
2094,0,1
2095,0,0
2096,0,0
2097,0,1
2098,0,0
2099,0,1
2100,0,0
2101,0,1
2102,0,1
2103,0,1
2104,0,1
2105,0,0
2106,0,1
2107,0,0
2108,0,0
2109,0,0
2110,0,0
2111,0,0
2112,0,0
2113,0,0
2114,0,0
2115,0,0
2116,0,1
2117,0,0
2118,0,0
2119,0,0
2120,0,0
2121,0,1
2122,0,1
2123,0,1
2124,0,1
2125,0,0
2126,0,1
2127,0,0
2128,0,1
2129,0,1
2130,0,1
2131,0,0
2132,0,1
2133,0,1
2134,0,0
2135,0,1
2136,0,0
2137,0,1
2138,0,0
2139,0,0
2140,0,1
2141,0,0
2142,0,1
2143,0,0
2144,0,1
2145,0,0
2146,0,0
2147,0,0
2148,0,0
2149,0,0
2150,0,0
2151,0,1
2152,0,1
2153,0,0
2154,0,0
2155,0,0
2156,0,0
2157,0,1
2158,0,1
2159,0,1
2160,0,1
2161,0,1
2162,0,1
2163,0,1
2164,0,1
2165,0,1
2166,0,0
2167,0,1
2168,0,0
2169,0,1
2170,0,0
2171,0,0
2172,0,1
2173,0,0
2174,0,0
2175,0,0
2176,0,0
2177,0,0
2178,0,0
2179,0,1
2180,0,0
2181,0,0
2182,0,0
2183,0,0
2184,0,1
2185,0,0
2186,0,1
2187,0,0
2188,0,1
2189,0,1
2190,0,0
2191,0,1
2192,0,1
2193,0,0
2194,0,0
2195,0,0
2196,0,0
2197,0,1
2198,0,0
2199,0,0
2200,0,0
2201,0,1
2202,0,0
2203,0,0
2204,0,0
2205,0,0
2206,0,0
2207,0,0
2208,0,1
2209,0,0
2210,0,0
2211,0,0
2212,0,0
2213,0,0
2214,0,0
2215,0,1
2216,0,0
2217,0,0
2218,0,0
2219,0,0
2220,0,0
2221,0,0
2222,0,0
2223,0,0
2224,0,0
2225,0,1
2226,0,0
2227,0,0
2228,0,0
2229,0,1
2230,0,1
2231,0,0
2232,0,0
2233,0,0
2234,0,0
2235,0,0
2236,0,1
2237,0,0
2238,0,0
2239,0,1
2240,0,0
2241,0,1
2242,0,0
2243,0,1
2244,0,0
2245,0,0
2246,0,1
2247,0,0
2248,0,1
2249,0,1
2250,0,1
2251,0,0
2252,0,1
2253,0,0
2254,0,0
2255,0,1
2256,0,0
2257,0,1
2258,0,1
2259,0,0
2260,0,1
2261,0,0
2262,0,0
2263,0,1
2264,0,0
2265,0,0
2266,0,0
2267,0,0
2268,0,1
2269,0,0
2270,0,0
2271,0,1
2272,0,0
2273,0,0
2274,0,1
2275,0,0
2276,0,0
2277,0,1
2278,0,0
2279,0,0
2280,0,0
2281,0,0
2282,0,0
2283,0,1
2284,0,1
2285,0,1
2286,0,1
2287,0,0
2288,0,1
2289,0,0
2290,0,0
2291,0,0
2292,0,1
2293,0,1
2294,0,0
2295,0,1
2296,0,0
2297,0,1
2298,0,0
2299,0,0
2300,0,0
2301,0,0
2302,0,1
2303,0,0
2304,0,0
2305,0,1
2306,0,1
2307,0,0
2308,0,1
2309,0,0
2310,0,1
2311,0,1
2312,0,1
2313,0,1
2314,0,1
2315,0,1
2316,0,1
2317,0,0
2318,0,0
2319,0,0
2320,0,0
2321,0,0
2322,0,1
2323,0,0
2324,0,0
2325,0,1
2326,0,1
2327,0,1
2328,0,1
2329,0,1
2330,0,0
2331,0,1
2332,0,0
2333,0,1
2334,0,0
2335,0,0
2336,0,1
2337,0,0
2338,0,0
2339,0,0
2340,0,0
2341,0,1
2342,0,1
2343,0,0
2344,0,1
2345,0,0
2346,0,0
2347,0,1
2348,0,0
2349,0,0
2350,0,0
2351,0,0
2352,0,0
2353,0,1
2354,0,1
2355,0,1
2356,0,0
2357,0,1
2358,0,0
2359,0,1
2360,0,0
2361,0,0
2362,0,1
2363,0,0
2364,0,0
2365,0,0
2366,0,0
2367,0,0
2368,0,0
2369,0,0
2370,0,0
2371,0,0
2372,0,0
2373,0,0
2374,0,1
2375,0,1
2376,0,1
2377,0,0
2378,0,1
2379,0,0
2380,0,0
2381,0,0
2382,0,1
2383,0,1
2384,0,0
2385,0,0
2386,0,0
2387,0,1
2388,0,0
2389,0,1
2390,0,0
2391,0,1
2392,0,0
2393,0,1
2394,0,1
2395,0,1
2396,0,1
2397,0,0
2398,0,1
2399,0,0
2400,0,1
2401,0,1
2402,0,1
2403,0,1
2404,0,1
2405,0,1
2406,0,1
2407,0,0
2408,0,1
2409,0,1
2410,0,1
2411,0,1
2412,0,0
2413,0,1
2414,0,0
2415,0,1
2416,0,0
2417,0,1
2418,0,0
2419,0,0
2420,0,0
2421,0,0
2422,0,1
2423,0,0
2424,0,1
2425,0,1
2426,0,0
2427,0,1
2428,0,0
2429,0,1
2430,0,1
2431,0,1
2432,0,1
2433,0,1
2434,0,1
2435,0,0
2436,0,1
2437,0,1
2438,0,1
2439,0,1
2440,0,0
2441,0,1
2442,0,0
2443,0,0
2444,0,0
2445,0,1
2446,0,1
2447,0,0
2448,0,1
2449,0,0
2450,0,1
2451,0,1
2452,0,1
2453,0,1
2454,0,1
2455,0,1
2456,0,1
2457,0,1
2458,0,1
2459,0,1
2460,0,1
2461,0,1
2462,0,1
2463,0,1
2464,0,1
2465,0,1
2466,0,1
2467,0,1
2468,0,1
2469,0,1
2470,0,0
2471,0,1
2472,0,1
2473,0,1
2474,0,1
2475,0,1
2476,0,1
2477,0,1
2478,0,1
2479,0,1
2480,0,1
2481,0,1
2482,0,1
2483,0,1
2484,0,1
2485,0,1
2486,0,1
2487,0,1
2488,0,1
2489,0,1
2490,0,0
2491,0,1
2492,0,1
2493,0,1
2494,0,1
2495,0,1
2496,0,1
2497,0,1
2498,0,1
2499,0,1
2500,0,1
2501,0,1
2502,0,1
2503,0,0
2504,0,1
2505,0,0
2506,0,0
2507,0,0
2508,0,0
2509,0,0
2510,0,0
2511,0,0
2512,0,0
2513,0,0
2514,0,0
2515,0,0
2516,0,0
2517,0,0
2518,0,0
2519,0,0
2520,0,0
2521,0,0
2522,0,1
2523,0,0
2524,0,0
2525,0,1
2526,0,0
2527,0,0
2528,0,1
2529,0,1
2530,0,0
2531,0,1
2532,0,1
2533,0,1
2534,0,0
2535,0,1
2536,0,0
2537,0,1
2538,0,0
2539,0,0
2540,0,0
2541,0,0
2542,0,0
2543,0,0
2544,0,0
2545,0,0
2546,0,0
2547,0,0
2548,0,0
2549,0,0
2550,0,0
2551,0,0
2552,0,0
2553,0,0
2554,0,1
2555,0,0
2556,0,1
2557,0,1
2558,0,0
2559,0,1
2560,0,0
2561,0,0
2562,0,0
2563,0,1
2564,0,0
2565,0,0
2566,0,0
2567,0,0
2568,0,1
2569,0,1
2570,0,1
2571,0,1
2572,0,1
2573,0,0
2574,0,1
2575,0,0
2576,0,0
2577,0,0
2578,0,0
2579,0,0
2580,0,0
2581,0,0
2582,0,0
2583,0,0
2584,0,1
2585,0,0
2586,0,0
2587,0,0
2588,0,0
2589,0,0
2590,0,0
2591,0,1
2592,0,0
2593,0,0
2594,0,0
2595,0,0
2596,0,1
2597,0,1
2598,0,1
2599,0,1
2600,0,1
2601,0,1
2602,0,1
2603,0,1
2604,0,1
2605,0,1
2606,0,1
2607,0,0
2608,0,1
2609,0,0
2610,0,1
2611,0,1
2612,0,1
2613,0,0
2614,0,1
2615,0,0
2616,0,1
2617,0,1
2618,0,0
2619,0,1
2620,0,1
2621,0,0
2622,0,1
2623,0,0
2624,0,1
2625,0,1
2626,0,1
2627,0,1
2628,0,1
2629,0,1
2630,0,0
2631,0,1
2632,0,1
2633,0,1
2634,0,1
2635,0,0
2636,0,1
2637,0,0
2638,0,1
2639,0,1
2640,0,1
2641,0,0
2642,0,1
2643,0,1
2644,0,1
2645,0,0
2646,0,0
2647,0,0
2648,0,0
2649,0,0
2650,0,0
2651,0,0
2652,0,0
2653,0,0
2654,0,0
2655,0,0
2656,0,0
2657,0,0
2658,0,0
2659,0,1
2660,0,0
2661,0,1
2662,0,1
2663,0,0
2664,0,1
2665,0,0
2666,0,0
2667,0,1
2668,0,1
2669,0,0
2670,0,1
2671,0,0
2672,0,0
2673,0,1
2674,0,1
2675,0,1
2676,0,0
2677,0,1
2678,0,1
2679,0,0
2680,0,1
2681,0,1
2682,0,1
2683,0,0
2684,0,0
2685,0,0
2686,0,0
2687,0,1
2688,0,0
2689,0,1
2690,0,1
2691,0,1
2692,0,1
2693,0,1
2694,0,1
2695,0,0
2696,0,1
2697,0,1
2698,0,1
2699,0,1
2700,0,0
2701,0,0
2702,0,1
2703,0,1
2704,0,0
2705,0,0
2706,0,0
2707,0,0
2708,0,0
2709,0,0
2710,0,0
2711,0,0
2712,0,0
2713,0,0
2714,0,0
2715,0,0
2716,0,0
2717,0,0
2718,0,0
2719,0,0
2720,0,0
2721,0,0
2722,0,0
2723,0,1
2724,0,0
2725,0,0
2726,0,0
2727,0,0
2728,0,1
2729,0,0
2730,0,1
2731,0,1
2732,0,0
2733,0,1
2734,0,0
2735,0,1
2736,0,1
2737,0,1
2738,0,0
2739,0,1
2740,0,0
2741,0,0
2742,0,0
2743,0,0
2744,0,0
2745,0,0
2746,0,0
2747,0,0
2748,0,0
2749,0,0
2750,0,0
2751,0,1
2752,0,0
2753,0,0
2754,0,0
2755,0,0
2756,0,1
2757,0,1
2758,0,1
2759,0,0
2760,0,0
2761,0,1
2762,0,0
2763,0,0
2764,0,0
2765,0,0
2766,0,1
2767,0,0
2768,0,1
2769,0,0
2770,0,0
2771,0,0
2772,0,1
2773,0,0
2774,0,0
2775,0,1
2776,0,1
2777,0,1
2778,0,1
2779,0,0
2780,0,1
2781,0,1
2782,0,0
2783,0,1
2784,0,0
2785,0,0
2786,0,0
2787,0,0
2788,0,0
2789,0,0
2790,0,1
2791,0,0
2792,0,0
2793,0,1
2794,0,0
2795,0,0
2796,0,0
2797,0,0
2798,0,0
2799,0,0
2800,0,0
2801,0,0
2802,0,0
2803,0,0
2804,0,0
2805,0,1
2806,0,0
2807,0,0
2808,0,0
2809,0,0
2810,0,0
2811,0,0
2812,0,0
2813,0,0
2814,0,0
2815,0,0
2816,0,0
2817,0,0
2818,0,0
2819,0,0
2820,0,0
2821,0,0
2822,0,0
2823,0,0
2824,0,0
2825,0,0
2826,0,0
2827,0,0
2828,0,0
2829,0,0
2830,0,0
2831,0,0
2832,0,1
2833,0,1
2834,0,0
2835,0,1
2836,0,1
2837,0,1
2838,0,1
2839,0,0
2840,0,0
2841,0,0
2842,0,0
2843,0,0
2844,0,0
2845,0,0
2846,0,0
2847,0,1
2848,0,0
2849,0,0
2850,0,0
2851,0,0
2852,0,1
2853,0,0
2854,0,0
2855,0,0
2856,0,0
2857,0,0
2858,0,1
2859,0,0
2860,0,0
2861,0,0
2862,0,0
2863,0,0
2864,0,0
2865,0,0
2866,0,1
2867,0,0
2868,0,0
2869,0,1
2870,0,0
2871,0,0
2872,0,0
2873,0,0
2874,0,0
2875,0,1
2876,0,0
2877,0,0
2878,0,0
2879,0,1
2880,0,0
2881,0,0
2882,0,0
2883,0,0
2884,0,0
2885,0,0
2886,0,0
2887,0,1
2888,0,0
2889,0,0
2890,0,0
2891,0,1
2892,0,1
2893,0,0
2894,0,0
2895,0,1
2896,0,1
2897,0,1
2898,0,1
2899,0,0
2900,0,1
2901,0,1
2902,0,1
2903,0,0
2904,0,0
2905,0,0
2906,0,1
2907,0,0
2908,0,1
2909,0,0
2910,0,0
2911,0,0
2912,0,1
2913,0,0
2914,0,1
2915,0,0
2916,0,0
2917,0,0
2918,0,0
2919,0,1
2920,0,0
2921,0,0
2922,0,0
2923,0,1
2924,0,1
2925,0,0
2926,0,1
2927,0,1
2928,0,0
2929,0,1
2930,0,0
2931,0,0
2932,0,0
2933,0,1
2934,0,1
2935,0,0
2936,0,0
2937,1,0
2938,1,0
2939,1,1
2940,1,0
2941,1,0
2942,1,0
2943,1,0
2944,1,0
2945,1,0
2946,1,1
2947,1,0
2948,1,0
2949,1,0
2950,1,0
2951,1,1
2952,1,1
2953,1,1
2954,1,1
2955,1,1
2956,1,1
2957,1,1
2958,1,1
2959,1,0
2960,1,1
2961,1,1
2962,1,0
2963,1,1
2964,1,0
2965,1,1
2966,1,1
2967,1,1
2968,1,1
2969,1,1
2970,1,1
2971,1,0
2972,1,1
2973,1,1
2974,1,1
2975,1,1
2976,1,1
2977,1,1
2978,1,1
2979,1,1
2980,1,1
2981,1,1
2982,1,1
2983,1,1
2984,1,1
2985,1,0
2986,1,1
2987,1,1
2988,1,1
2989,1,1
2990,1,1
2991,1,1
2992,1,0
2993,1,1
2994,1,0
2995,1,1
2996,1,0
2997,1,0
2998,1,0
2999,1,0
3000,1,0
3001,1,1
3002,1,0
3003,1,0
3004,1,1
3005,1,0
3006,1,0
3007,1,0
3008,1,1
3009,1,1
3010,1,0
3011,1,1
3012,1,0
3013,1,0
3014,1,1
3015,1,1
3016,1,1
3017,1,1
3018,1,1
3019,1,1
3020,1,1
3021,1,0
3022,1,1
3023,1,0
3024,1,0
3025,1,0
3026,1,0
3027,1,0
3028,1,1
3029,1,1
3030,1,1
3031,1,1
3032,1,0
3033,1,1
3034,1,0
3035,1,1
3036,1,1
3037,1,1
3038,1,1
3039,1,0
3040,1,1
3041,1,0
3042,1,1
3043,1,1
3044,1,1
3045,1,0
3046,1,1
3047,1,0
3048,1,1
3049,1,1
3050,1,1
3051,1,1
3052,1,1
3053,1,1
3054,1,1
3055,1,0
3056,1,0
3057,1,1
3058,1,0
3059,1,0
3060,1,0
3061,1,0
3062,1,0
3063,1,1
3064,1,1
3065,1,1
3066,1,1
3067,1,1
3068,1,0
3069,1,1
3070,1,0
3071,1,1
3072,1,0
3073,1,0
3074,1,0
3075,1,0
3076,1,0
3077,1,0
3078,1,0
3079,1,0
3080,1,0
3081,1,0
3082,1,0
3083,1,0
3084,1,0
3085,1,0
3086,1,1
3087,1,0
3088,1,0
3089,1,0
3090,1,0
3091,1,0
3092,1,1
3093,1,0
3094,1,0
3095,1,1
3096,1,0
3097,1,1
3098,1,1
3099,1,1
3100,1,1
3101,1,1
3102,1,1
3103,1,1
3104,1,1
3105,1,1
3106,1,0
3107,1,0
3108,1,0
3109,1,1
3110,1,0
3111,1,1
3112,1,0
3113,1,1
3114,1,0
3115,1,0
3116,1,1
3117,1,0
3118,1,1
3119,1,1
3120,1,1
3121,1,1
3122,1,0
3123,1,0
3124,1,1
3125,1,0
3126,1,1
3127,1,1
3128,1,1
3129,1,1
3130,1,1
3131,1,1
3132,1,1
3133,1,1
3134,1,0
3135,1,1
3136,1,1
3137,1,0
3138,1,1
3139,1,0
3140,1,1
3141,1,1
3142,1,1
3143,1,1
3144,1,1
3145,1,1
3146,1,1
3147,1,1
3148,1,1
3149,1,1
3150,1,1
3151,1,1
3152,1,1
3153,1,1
3154,1,0
3155,1,1
3156,1,0
3157,1,0
3158,1,1
3159,1,0
3160,1,1
3161,1,1
3162,1,0
3163,1,1
3164,1,1
3165,1,1
3166,1,0
3167,1,1
3168,1,1
3169,1,1
3170,1,1
3171,1,1
3172,1,1
3173,1,1
3174,1,1
3175,1,1
3176,1,1
3177,1,1
3178,1,1
3179,1,1
3180,1,1
3181,1,1
3182,1,1
3183,1,1
3184,1,0
3185,1,0
3186,1,1
3187,1,0
3188,1,1
3189,1,1
3190,1,1
3191,1,1
3192,1,1
3193,1,1
3194,1,0
3195,1,1
3196,1,1
3197,1,1
3198,1,1
3199,1,1
3200,1,1
3201,1,1
3202,1,1
3203,1,0
3204,1,0
3205,1,0
3206,1,0
3207,1,0
3208,1,0
3209,1,0
3210,1,1
3211,1,1
3212,1,1
3213,1,1
3214,1,1
3215,1,1
3216,1,0
3217,1,0
3218,1,0
3219,1,1
3220,1,0
3221,1,0
3222,1,0
3223,1,0
3224,1,0
3225,1,0
3226,1,1
3227,1,0
3228,1,0
3229,1,0
3230,1,0
3231,1,0
3232,1,0
3233,1,0
3234,1,0
3235,1,0
3236,1,0
3237,1,0
3238,1,1
3239,1,0
3240,1,1
3241,1,0
3242,1,0
3243,1,0
3244,1,0
3245,1,1
3246,1,1
3247,1,1
3248,1,1
3249,1,0
3250,1,1
3251,1,0
3252,1,1
3253,1,1
3254,1,1
3255,1,1
3256,1,1
3257,1,1
3258,1,1
3259,1,1
3260,1,1
3261,1,1
3262,1,1
3263,1,1
3264,1,1
3265,1,1
3266,1,1
3267,1,1
3268,1,1
3269,1,1
3270,1,1
3271,1,1
3272,1,1
3273,1,0
3274,1,0
3275,1,0
3276,1,0
3277,1,0
3278,1,0
3279,1,0
3280,1,0
3281,1,1
3282,1,0
3283,1,0
3284,1,0
3285,1,0
3286,1,0
3287,1,1
3288,1,1
3289,1,1
3290,1,1
3291,1,0
3292,1,1
3293,1,1
3294,1,1
3295,1,1
3296,1,1
3297,1,1
3298,1,1
3299,1,1
3300,1,1
3301,1,1
3302,1,1
3303,1,1
3304,1,1
3305,1,1
3306,1,1
3307,1,1
3308,1,1
3309,1,1
3310,1,1
3311,1,1
3312,1,1
3313,1,1
3314,1,1
3315,1,1
3316,1,1
3317,1,1
3318,1,1
3319,1,1
3320,1,1
3321,1,0
3322,1,0
3323,1,0
3324,1,0
3325,1,0
3326,1,0
3327,1,0
3328,1,0
3329,1,0
3330,1,0
3331,1,0
3332,1,0
3333,1,0
3334,1,0
3335,1,0
3336,1,0
3337,1,0
3338,1,0
3339,1,1
3340,1,0
3341,1,0
3342,1,0
3343,1,0
3344,1,0
3345,1,0
3346,1,0
3347,1,0
3348,1,0
3349,1,0
3350,1,0
3351,1,0
3352,1,0
3353,1,0
3354,1,0
3355,1,0
3356,1,0
3357,1,0
3358,1,0
3359,1,0
3360,1,0
3361,1,0
3362,1,0
3363,1,0
3364,1,0
3365,1,0
3366,1,1
3367,1,0
3368,1,0
3369,1,0
3370,1,0
3371,1,1
3372,1,0
3373,1,0
3374,1,0
3375,1,0
3376,1,0
3377,1,0
3378,1,1
3379,1,0
3380,1,0
3381,1,0
3382,1,0
3383,1,1
3384,1,0
3385,1,0
3386,1,1
3387,1,0
3388,1,0
3389,1,0
3390,1,0
3391,1,0
3392,1,0
3393,1,0
3394,1,0
3395,1,0
3396,1,0
3397,1,0
3398,1,0
3399,1,0
3400,1,0
3401,1,0
3402,1,1
3403,1,0
3404,1,0
3405,1,1
3406,1,1
3407,1,1
3408,1,1
3409,1,1
3410,1,1
3411,1,1
3412,1,0
3413,1,0
3414,1,0
3415,1,0
3416,1,1
3417,1,0
3418,1,0
3419,1,1
3420,1,1
3421,1,1
3422,1,1
3423,1,1
3424,1,1
3425,1,0
3426,1,1
3427,1,1
3428,1,1
3429,1,1
3430,1,1
3431,1,1
3432,1,0
3433,1,1
3434,1,1
3435,1,1
3436,1,1
3437,1,1
3438,1,1
3439,1,0
3440,1,1
3441,1,1
3442,1,1
3443,1,1
3444,1,1
3445,1,1
3446,1,1
3447,1,0
3448,1,1
3449,1,0
3450,1,0
3451,1,0
3452,1,0
3453,1,0
3454,1,0
3455,1,0
3456,1,0
3457,1,0
3458,1,0
3459,1,0
3460,1,0
3461,1,1
3462,1,1
3463,1,1
3464,1,1
3465,1,1
3466,1,1
3467,1,0
3468,1,1
3469,1,1
3470,1,1
3471,1,0
3472,1,1
3473,1,0
3474,1,1
3475,1,0
3476,1,0
3477,1,0
3478,1,0
3479,1,0
3480,1,0
3481,1,0
3482,1,0
3483,1,1
3484,1,0
3485,1,0
3486,1,0
3487,1,0
3488,1,0
3489,1,0
3490,1,0
3491,1,0
3492,1,0
3493,1,0
3494,1,0
3495,1,1
3496,1,1
3497,1,0
3498,1,0
3499,1,0
3500,1,0
3501,1,0
3502,1,0
3503,1,0
3504,1,0
3505,1,0
3506,1,0
3507,1,0
3508,1,0
3509,1,0
3510,1,0
3511,1,0
3512,1,0
3513,1,0
3514,1,0
3515,1,0
3516,1,0
3517,1,0
3518,1,0
3519,1,0
3520,1,0
3521,1,0
3522,1,0
3523,1,0
3524,1,0
3525,1,0
3526,1,0
3527,1,0
3528,1,0
3529,1,0
3530,1,0
3531,1,1
3532,1,0
3533,1,0
3534,1,1
3535,1,0
3536,1,0
3537,1,1
3538,1,0
3539,1,1
3540,1,1
3541,1,0
3542,1,1
3543,1,0
3544,1,1
3545,1,0
3546,1,1
3547,1,0
3548,1,0
3549,1,0
3550,1,0
3551,1,0
3552,1,0
3553,1,1
3554,1,0
3555,1,0
3556,1,0
3557,1,0
3558,1,0
3559,1,0
3560,1,0
3561,1,0
3562,1,0
3563,1,0
3564,1,0
3565,1,1
3566,1,0
3567,1,0
3568,1,1
3569,1,1
3570,1,1
3571,1,1
3572,1,0
3573,1,0
3574,1,0
3575,1,0
3576,1,0
3577,1,0
3578,1,0
3579,1,1
3580,1,1
3581,1,1
3582,1,1
3583,1,1
3584,1,1
3585,1,0
3586,1,0
3587,1,1
3588,1,1
3589,1,0
3590,1,0
3591,1,1
3592,1,0
3593,1,1
3594,1,1
3595,1,1
3596,1,1
3597,1,1
3598,1,1
3599,1,1
3600,1,1
3601,1,1
3602,1,1
3603,1,1
3604,1,1
3605,1,1
3606,1,0
3607,1,0
3608,1,0
3609,1,0
3610,1,0
3611,1,1
3612,1,0
3613,1,0
3614,1,1
3615,1,1
3616,1,1
3617,1,1
3618,1,1
3619,1,1
3620,1,1
3621,1,0
3622,1,0
3623,1,0
3624,1,0
3625,1,0
3626,1,1
3627,1,0
3628,1,0
3629,1,1
3630,1,1
3631,1,0
3632,1,1
3633,1,0
3634,1,0
3635,1,0
3636,1,1
3637,1,0
3638,1,0
3639,1,0
3640,1,0
3641,1,0
3642,1,1
3643,1,1
3644,1,1
3645,1,1
3646,1,1
3647,1,1
3648,1,1
3649,1,1
3650,1,1
3651,1,1
3652,1,1
3653,1,1
3654,1,1
3655,1,0
3656,1,0
3657,1,1
3658,1,1
3659,1,0
3660,1,0
3661,1,0
3662,1,1
3663,1,0
3664,1,0
3665,1,0
3666,1,1
3667,1,0
3668,1,0
3669,1,0
3670,1,0
3671,1,0
3672,1,0
3673,1,0
3674,1,1
3675,1,0
3676,1,0
3677,1,0
3678,1,0
3679,1,0
3680,1,0
3681,1,0
3682,1,0
3683,1,0
3684,1,0
3685,1,0
3686,1,0
3687,1,0
3688,1,0
3689,1,1
3690,1,1
3691,1,0
3692,1,0
3693,1,0
3694,1,0
3695,1,0
3696,1,0
3697,1,0
3698,1,0
3699,1,0
3700,1,0
3701,1,0
3702,1,0
3703,1,0
3704,1,1
3705,1,1
3706,1,1
3707,1,1
3708,1,1
3709,1,1
3710,1,1
3711,1,1
3712,1,1
3713,1,1
3714,1,1
3715,1,1
3716,1,0
3717,1,1
